RUNNING THE L-BFGS-B CODE

it    = iteration number
nf    = number of function evaluations
nseg  = number of segments explored during the Cauchy search
nact  = number of active bounds at the generalized Cauchy point
sub   = manner in which the subspace minimization terminated:
        con = converged, bnd = a bound was reached
itls  = number of iterations performed in the line search
stepl = step length used
tstep = norm of the displacement (total step)
projg = norm of the projected gradient
f     = function value

           * * *

Machine precision = 2.220D-16
 N =            8     M =           10

   it   nf  nseg  nact  sub  itls  stepl    tstep     projg        f
    0    1     -     -   -     -     -        -     2.160D+01  2.079D+03
    1    3     1     0  ---    1  2.0D-03  4.3D-02  2.040D+00  2.079D+03
    2    4     0     0  con    0  1.0D+00  5.9D-03  1.009D+00  2.079D+03
    3    5     0     0  con    0  1.0D+00  6.9D-03  1.161D+00  2.079D+03
    4    6     0     0  con    0  1.0D+00  4.5D-02  4.760D+00  2.079D+03
    5    7     0     0  con    0  1.0D+00  1.2D-01  1.044D+01  2.079D+03
    6   12     0     0  con    4  5.7D+00  3.2D+00  1.251D+02  2.069D+03
    7   15     0     0  con    2  2.0D-02  9.1D-02  1.290D+02  2.069D+03
    8   16     0     0  con    0  1.0D+00  1.7D-01  1.102D+02  2.063D+03
    9   17     0     0  con    0  1.0D+00  7.6D-01  1.929D+01  2.048D+03
   10   18     0     0  con    0  1.0D+00  7.3D-02  5.510D+00  2.047D+03
   11   19     0     0  con    0  1.0D+00  1.4D-01  4.946D+00  2.047D+03
   12   20     0     0  con    0  1.0D+00  3.0D-01  5.137D+00  2.045D+03
   13   24     0     0  con    3  2.4D+00  6.7D+00  1.069D+02  1.952D+03
   14   26     0     0  con    1  2.8D-02  7.4D-01  1.166D+02  1.951D+03
   15   30     0     0  con    3  1.3D+01  8.3D+00  3.072D+02  8.012D+02
   16   34     0     0  con    3  2.9D-02  2.7D+00  4.110D+02  6.896D+02
   17   35     0     0  con    0  1.0D+00  6.5D+00  1.935D+02  3.806D+02
   18   36     0     0  con    0  1.0D+00  7.2D-01  2.179D+02  2.220D+02
   19   38     0     0  con    1  1.3D-01  3.2D+00  1.814D+02 -1.499D+02
   20   39     0     0  con    0  1.0D+00  6.4D-01  5.946D+01 -2.023D+02
   21   40     0     0  con    0  1.0D+00  5.9D-01  4.658D+01 -2.409D+02
   22   41     0     0  con    0  1.0D+00  2.5D+00  3.620D+01 -3.331D+02
   23   42     0     0  con    0  1.0D+00  2.0D+00  1.966D+01 -3.622D+02
   24   43     0     0  con    0  1.0D+00  2.0D+00  1.226D+01 -3.808D+02
   25   44     0     0  con    0  1.0D+00  4.2D+00  4.547D+01 -4.024D+02
   26   45     0     0  con    0  1.0D+00  2.5D+00  2.356D+01 -4.141D+02
   27   46     0     0  con    0  1.0D+00  2.2D+00  1.442D+01 -4.199D+02
   28   47     0     0  con    0  1.0D+00  2.6D+00  9.961D+00 -4.240D+02
   29   48     0     0  con    0  1.0D+00  7.1D-01  2.073D+00 -4.244D+02
   30   49     0     0  con    0  1.0D+00  2.9D-01  2.021D+00 -4.246D+02
   31   51     0     0  con    1  3.8D-01  2.2D-01  7.297D+00 -4.248D+02
   32   52     0     0  con    0  1.0D+00  2.9D-01  5.893D+00 -4.251D+02
   33   53     0     0  con    0  1.0D+00  4.8D-01  3.219D+00 -4.256D+02
   34   54     0     0  con    0  1.0D+00  4.5D-01  2.183D+00 -4.260D+02
   35   55     0     0  con    0  1.0D+00  3.5D-01  3.215D+00 -4.264D+02
   36   56     0     0  con    0  1.0D+00  9.7D-01  5.800D+00 -4.267D+02
   37   57     0     0  con    0  1.0D+00  5.8D-01  4.443D+00 -4.268D+02
   38   58     0     0  con    0  1.0D+00  1.5D-01  8.463D-01 -4.268D+02
   39   59     0     0  con    0  1.0D+00  2.8D-01  2.146D-01 -4.269D+02
   40   60     0     0  con    0  1.0D+00  2.9D-01  3.347D-01 -4.269D+02
   41   62     0     0  con    1  4.8D-01  1.4D-01  5.460D-01 -4.269D+02
   42   63     0     0  con    0  1.0D+00  1.7D-01  1.821D-01 -4.269D+02
   43   65     0     0  con    1  4.2D-01  3.4D-02  1.728D-01 -4.269D+02
   44   66     0     0  con    0  1.0D+00  3.5D-02  4.147D-02 -4.269D+02
   45   67     0     0  con    0  1.0D+00  1.1D-02  4.176D-02 -4.269D+02
   46   68     0     0  con    0  1.0D+00  3.2D-03  4.182D-02 -4.269D+02
   47   69     0     0  con    0  1.0D+00  8.0D-03  7.713D-02 -4.269D+02
   48   70     0     0  con    0  1.0D+00  2.0D-02  1.332D-01 -4.269D+02
   49   71     0     0  con    0  1.0D+00  4.6D-02  3.511D-01 -4.269D+02
   50   72     0     0  con    0  1.0D+00  9.6D-02  3.243D-01 -4.269D+02
   51   73     0     0  con    0  1.0D+00  1.1D-01  3.450D-01 -4.269D+02
   52   74     0     0  con    0  1.0D+00  3.6D-01  4.308D-01 -4.269D+02
   53   75     0     0  con    0  1.0D+00  4.2D-01  5.007D-01 -4.269D+02
   54   77     0     0  con    1  3.7D-01  3.8D-01  8.439D-01 -4.269D+02
   55   78     0     0  con    0  1.0D+00  3.7D-01  2.210D-01 -4.269D+02
   56   79     0     0  con    0  1.0D+00  3.1D-01  4.231D-01 -4.269D+02
   57   80     0     0  con    0  1.0D+00  2.9D-01  3.473D-01 -4.269D+02
   58   81     0     0  con    0  1.0D+00  8.6D-02  1.507D-01 -4.269D+02
   59   82     0     0  con    0  1.0D+00  9.3D-02  7.344D-02 -4.269D+02
   60   83     0     0  con    0  1.0D+00  1.0D-01  1.332D-01 -4.269D+02
   61   84     0     0  con    0  1.0D+00  2.9D-01  2.201D-01 -4.269D+02
   62   86     0     0  con    1  2.4D-01  1.4D-01  2.510D-01 -4.269D+02
   63   87     0     0  con    0  1.0D+00  2.6D-01  2.000D-01 -4.269D+02
   64   88     0     0  con    0  1.0D+00  2.8D-01  8.929D-02 -4.269D+02
   65   89     0     0  con    0  1.0D+00  3.1D-01  8.632D-02 -4.269D+02
   66   90     0     0  con    0  1.0D+00  3.1D-01  9.507D-02 -4.269D+02
   67   92     0     0  con    1  4.8D-01  2.3D-01  1.191D-01 -4.269D+02
   68   93     0     0  con    0  1.0D+00  2.8D-01  1.277D-01 -4.269D+02
   69   94     0     0  con    0  1.0D+00  3.0D-01  4.541D-02 -4.269D+02
   70   95     0     0  con    0  1.0D+00  1.5D-01  4.229D-02 -4.269D+02
   71   96     0     0  con    0  1.0D+00  5.8D-01  4.978D-02 -4.269D+02
   72   98     0     0  con    1  2.5D-01  1.7D-01  8.540D-02 -4.269D+02
   73   99     0     0  con    0  1.0D+00  3.9D-01  1.865D-02 -4.269D+02
   74  100     0     0  con    0  1.0D+00  3.5D-01  2.038D-02 -4.269D+02
   75  102     0     0  con    1  3.2D-01  2.1D-01  4.339D-02 -4.269D+02
   76  103     0     0  con    0  1.0D+00  3.3D-01  3.357D-02 -4.269D+02
   77  104     0     0  con    0  1.0D+00  5.6D-01  8.320D-03 -4.269D+02
   78  105     0     0  con    0  1.0D+00  4.8D-01  8.166D-03 -4.269D+02
   79  106     0     0  con    0  1.0D+00  5.5D-01  6.467D-03 -4.269D+02
   80  108     0     0  con    1  4.0D-01  5.1D-01  1.572D-02 -4.269D+02
   81  109     0     0  con    0  1.0D+00  5.5D-01  1.228D-02 -4.269D+02
   82  110     0     0  con    0  1.0D+00  1.0D+00  7.298D-03 -4.269D+02
   83  111     0     0  con    0  1.0D+00  4.5D-01  2.459D-03 -4.269D+02
   84  112     0     0  con    0  1.0D+00  2.4D-01  8.167D-04 -4.269D+02
   85  113     0     0  con    0  1.0D+00  2.8D-01  1.035D-03 -4.269D+02
   86  114     0     0  con    0  1.0D+00  3.1D-01  2.686D-03 -4.269D+02
   87  132     0     0  con   17  1.3D-06  5.4D-07  2.685D-03 -4.269D+02
   88  149     0     0  con   16  2.2D-12  2.1D-12  2.685D-03 -4.269D+02

CONVERGENCE: REL_REDUCTION_OF_F_<=_FACTR*EPSMCH             

 Warning:  more than 10 function and gradient
   evaluations in the last line search.  Termination
   may possibly be caused by a bad search direction.

 Total User time 0.000E+00 seconds.

RUNNING THE L-BFGS-B CODE

it    = iteration number
nf    = number of function evaluations
nseg  = number of segments explored during the Cauchy search
nact  = number of active bounds at the generalized Cauchy point
sub   = manner in which the subspace minimization terminated:
        con = converged, bnd = a bound was reached
itls  = number of iterations performed in the line search
stepl = step length used
tstep = norm of the displacement (total step)
projg = norm of the projected gradient
f     = function value

           * * *

Machine precision = 2.220D-16
 N =            8     M =           10

   it   nf  nseg  nact  sub  itls  stepl    tstep     projg        f
    0    1     -     -   -     -     -        -     2.250D+02  2.158D+03
    1    2     1     0  ---    0  4.4D-03  1.0D+00  2.021D+02  2.116D+03
    2    3     0     0  con    0  1.0D+00  4.7D-01  4.620D+01  2.083D+03
    3    4     0     0  con    0  1.0D+00  8.8D-02  7.269D+00  2.080D+03
    4    5     0     0  con    0  1.0D+00  1.6D-02  3.343D-01  2.080D+03
    5    6     0     0  con    0  1.0D+00  7.5D-04  6.140D-02  2.080D+03
    6    8     0     0  con    1  5.0D+00  1.2D-03  1.225D-01  2.080D+03
    7    9     0     0  con    0  1.0D+00  6.8D-03  4.262D-01  2.080D+03
    8   10     0     0  con    0  1.0D+00  2.4D-02  1.013D+00  2.080D+03
    9   11     0     0  con    0  1.0D+00  6.9D-02  2.039D+00  2.080D+03
   10   12     0     0  con    0  1.0D+00  2.1D-01  4.348D+00  2.080D+03
   11   13     0     0  con    0  1.0D+00  5.3D-01  1.005D+01  2.080D+03
   12   17     0     0  con    3  8.4D+00  1.1D+00  2.057D+01  2.080D+03
   13   20     0     0  con    2  5.8D-02  4.6D-01  2.837D+01  2.080D+03
   14   21     0     0  con    0  1.0D+00  6.3D-01  3.236D+01  2.079D+03
   15   23     0     0  con    1  2.7D-01  6.3D-01  3.544D+01  2.076D+03
   16   25     0     0  con    1  4.4D-01  8.1D-01  3.267D+01  2.071D+03
   17   26     0     0  con    0  1.0D+00  8.9D-01  1.821D+01  2.061D+03
   18   28     0     0  con    1  6.2D-02  2.5D-01  8.744D+00  2.059D+03
   19   29     0     0  con    0  1.0D+00  4.7D-01  2.162D+01  2.058D+03
   20   30     0     0  con    0  1.0D+00  1.2D-01  1.223D+01  2.056D+03
   21   31     0     0  con    0  1.0D+00  1.9D+00  3.423D+01  2.029D+03
   22   33     0     0  con    1  1.1D-01  5.8D-01  6.050D+01  2.024D+03
   23   34     0     0  con    0  1.0D+00  4.3D+00  1.061D+02  1.953D+03
   24   35     0     0  con    0  1.0D+00  1.2D+01  2.703D+01  1.866D+03
   25   40     0     0  con    4  1.5D+01  9.1D+00  3.434D+02  9.751D+02
   26   43     0     0  con    2  2.2D-02  5.7D-01  3.263D+02  9.657D+02
   27   44     0     0  con    0  1.0D+00  3.1D+00  3.212D+02  7.497D+02
   28   46     0     0  con    1  1.6D-01  3.7D+00  2.613D+02  2.336D+02
   29   49     0     0  con    2  8.5D-02  2.4D+00  1.597D+02 -8.955D+01
   30   51     0     0  con    1  4.5D-01  1.9D+00  9.501D+01 -2.417D+02
   31   52     0     0  con    0  1.0D+00  9.0D-01  3.023D+01 -2.672D+02
   32   53     0     0  con    0  1.0D+00  1.1D+00  3.359D+01 -2.973D+02
   33   54     0     0  con    0  1.0D+00  2.8D+00  5.133D+01 -3.395D+02
   34   55     0     0  con    0  1.0D+00  1.5D+00  1.748D+01 -3.566D+02
   35   56     0     0  con    0  1.0D+00  1.6D+00  1.804D+01 -3.667D+02
   36   57     0     0  con    0  1.0D+00  2.4D+00  1.784D+01 -3.784D+02
   37   58     0     0  con    0  1.0D+00  4.7D+00  3.210D+01 -3.879D+02
   38   59     0     0  con    0  1.0D+00  4.7D-01  1.015D+01 -3.920D+02
   39   60     0     0  con    0  1.0D+00  6.2D-01  2.046D+01 -3.970D+02
   40   61     0     0  con    0  1.0D+00  1.4D+00  2.752D+01 -4.034D+02
   41   62     0     0  con    0  1.0D+00  4.0D+00  8.777D+00 -4.134D+02
   42   63     0     0  con    0  1.0D+00  7.3D-01  1.984D+01 -4.175D+02
   43   64     0     0  con    0  1.0D+00  6.8D-01  4.689D+00 -4.196D+02
   44   65     0     0  con    0  1.0D+00  4.2D-01  3.816D+00 -4.210D+02
   45   66     0     0  con    0  1.0D+00  7.1D-01  1.473D+01 -4.221D+02
   46   67     0     0  con    0  1.0D+00  5.5D-01  7.326D+00 -4.234D+02
   47   68     0     0  con    0  1.0D+00  7.4D-01  9.427D+00 -4.251D+02
   48   69     0     0  con    0  1.0D+00  6.9D-01  5.905D+00 -4.261D+02
   49   70     0     0  con    0  1.0D+00  6.7D-01  3.956D+00 -4.265D+02
   50   71     0     0  con    0  1.0D+00  3.9D-01  2.639D+00 -4.266D+02
   51   72     0     0  con    0  1.0D+00  1.9D-01  1.497D+00 -4.267D+02
   52   73     0     0  con    0  1.0D+00  3.2D-01  1.609D+00 -4.267D+02
   53   74     0     0  con    0  1.0D+00  5.0D-01  1.674D+00 -4.268D+02
   54   75     0     0  con    0  1.0D+00  7.0D-01  6.323D-01 -4.268D+02
   55   77     0     0  con    1  4.3D-01  1.4D-01  6.566D-01 -4.268D+02
   56   78     0     0  con    0  1.0D+00  9.9D-02  1.703D-01 -4.268D+02
   57   79     0     0  con    0  1.0D+00  2.5D-01  9.073D-02 -4.268D+02
   58   80     0     0  con    0  1.0D+00  2.3D-01  9.318D-02 -4.268D+02
   59   82     0     0  con    1  8.5D-02  2.9D-02  1.474D-01 -4.268D+02
   60   83     0     0  con    0  1.0D+00  1.9D-01  4.883D-02 -4.268D+02
   61   84     0     0  con    0  1.0D+00  7.9D-02  2.525D-02 -4.268D+02
   62   86     0     0  con    1  5.2D-01  4.5D-02  7.305D-02 -4.268D+02
   63   87     0     0  con    0  1.0D+00  4.7D-02  3.588D-02 -4.268D+02
   64   88     0     0  con    0  1.0D+00  7.9D-02  4.172D-02 -4.268D+02
   65   89     0     0  con    0  1.0D+00  1.2D-01  1.318D-01 -4.268D+02
   66   90     0     0  con    0  1.0D+00  1.8D-01  2.668D-01 -4.268D+02
   67   91     0     0  con    0  1.0D+00  3.0D-01  4.726D-01 -4.268D+02
   68   92     0     0  con    0  1.0D+00  8.3D-01  9.605D-01 -4.268D+02
   69   96     0     0  con    3  1.3D-01  3.0D+00  2.307D+00 -4.269D+02
   70   97     0     0  con    0  1.0D+00  6.5D-01  1.948D+00 -4.269D+02
   71   98     0     0  con    0  1.0D+00  9.1D-01  6.574D-01 -4.269D+02
   72  100     0     0  con    1  2.5D-01  2.4D-01  4.633D-01 -4.269D+02
   73  101     0     0  con    0  1.0D+00  2.8D-01  3.533D-01 -4.269D+02
   74  102     0     0  con    0  1.0D+00  5.8D-01  3.994D-01 -4.269D+02
   75  103     0     0  con    0  1.0D+00  2.6D-01  3.023D-01 -4.269D+02
   76  104     0     0  con    0  1.0D+00  2.3D-01  4.125D-01 -4.269D+02
   77  105     0     0  con    0  1.0D+00  4.4D-02  9.707D-02 -4.269D+02
   78  106     0     0  con    0  1.0D+00  2.8D-02  3.565D-02 -4.269D+02
   79  107     0     0  con    0  1.0D+00  5.0D-02  4.470D-02 -4.269D+02
   80  108     0     0  con    0  1.0D+00  2.1D-01  7.449D-02 -4.269D+02
   81  109     0     0  con    0  1.0D+00  3.1D-01  9.692D-02 -4.269D+02
   82  110     0     0  con    0  1.0D+00  2.9D-01  6.412D-02 -4.269D+02
   83  111     0     0  con    0  1.0D+00  6.1D-02  3.389D-02 -4.269D+02
   84  112     0     0  con    0  1.0D+00  4.1D-02  2.838D-02 -4.269D+02
   85  113     0     0  con    0  1.0D+00  1.7D-01  5.108D-02 -4.269D+02
   86  114     0     0  con    0  1.0D+00  3.6D-01  5.050D-02 -4.269D+02
   87  116     0     0  con    1  2.8D-01  1.8D-01  6.239D-02 -4.269D+02
   88  117     0     0  con    0  1.0D+00  4.1D-01  2.697D-02 -4.269D+02
   89  118     0     0  con    0  1.0D+00  4.9D-01  1.922D-02 -4.269D+02
   90  119     0     0  con    0  1.0D+00  6.1D-01  1.952D-02 -4.269D+02
   91  120     0     0  con    0  1.0D+00  8.0D-01  3.270D-02 -4.269D+02
   92  121     0     0  con    0  1.0D+00  6.3D-01  2.549D-02 -4.269D+02
   93  122     0     0  con    0  1.0D+00  5.8D-02  2.584D-03 -4.269D+02
   94  123     0     0  con    0  1.0D+00  1.2D-02  2.953D-03 -4.269D+02
   95  124     0     0  con    0  1.0D+00  6.1D-02  6.628D-03 -4.269D+02
   96  125     0     0  con    0  1.0D+00  1.3D-01  1.101D-02 -4.269D+02
   97  126     0     0  con    0  1.0D+00  3.1D-01  1.540D-02 -4.269D+02
   98  127     0     0  con    0  1.0D+00  4.8D-01  1.435D-02 -4.269D+02
   99  129     0     0  con    1  7.9D-02  1.0D-01  1.891D-02 -4.269D+02
  100  130     0     0  con    0  1.0D+00  4.9D-01  8.147D-03 -4.269D+02
  101  131     0     0  con    0  1.0D+00  2.8D-01  1.324D-03 -4.269D+02
  102  136     0     0  con    4  1.7D-03  1.8D-04  1.319D-03 -4.269D+02
  103  137     0     0  con    0  1.0D+00  2.4D-01  4.095D-03 -4.269D+02
  104  138     0     0  con    0  1.0D+00  1.6D-01  4.635D-03 -4.269D+02
  105  139     0     0  con    0  1.0D+00  8.2D-01  1.011D-02 -4.269D+02
  106  140     0     0  con    0  1.0D+00  6.2D-01  2.584D-03 -4.269D+02
  107  141     0     0  con    0  1.0D+00  3.2D-01  9.840D-04 -4.269D+02
  108  142     0     0  con    0  1.0D+00  3.7D-01  1.201D-03 -4.269D+02
  109  182     1     0  0,’   19  2.5D-14  4.0D-17      -          -

ABNORMAL_TERMINATION_IN_LNSRCH                              

 Line search cannot locate an adequate point after 20 function
  and gradient evaluations.  Previous x, f and g restored.
 Possible causes: 1 error in function or gradient evaluation;
                  2 rounding error dominate computation.

 Total User time 0.000E+00 seconds.

RUNNING THE L-BFGS-B CODE

it    = iteration number
nf    = number of function evaluations
nseg  = number of segments explored during the Cauchy search
nact  = number of active bounds at the generalized Cauchy point
sub   = manner in which the subspace minimization terminated:
        con = converged, bnd = a bound was reached
itls  = number of iterations performed in the line search
stepl = step length used
tstep = norm of the displacement (total step)
projg = norm of the projected gradient
f     = function value

           * * *

Machine precision = 2.220D-16
 N =            8     M =           10

   it   nf  nseg  nact  sub  itls  stepl    tstep     projg        f
    0    1     -     -   -     -     -        -     1.424D+02  2.098D+03
    1    3     1     0  ---    1  2.4D-03  3.4D-01  9.951D+00  2.072D+03
    2    4     0     0  con    0  1.0D+00  3.5D-02  5.674D+00  2.071D+03
    3    5     0     0  con    0  1.0D+00  4.3D-02  7.343D+00  2.071D+03
    4    6     0     0  con    0  1.0D+00  4.8D-01  4.223D+01  2.068D+03
    5    8     0     0  con    1  3.3D-01  4.9D-01  6.815D+01  2.065D+03
    6   10     0     0  con    1  2.6D-01  5.6D-01  9.259D+01  2.062D+03
    7   11     0     0  con    0  1.0D+00  5.3D-01  9.707D+01  2.059D+03
    8   12     0     0  con    0  1.0D+00  2.9D-01  4.664D+01  2.050D+03
    9   13     0     0  con    0  1.0D+00  1.6D-01  4.908D+00  2.048D+03
   10   14     0     0  con    0  1.0D+00  1.5D-01  4.306D+00  2.047D+03
   11   17     0     0  con    2  2.1D+01  4.6D+00  6.680D+01  2.028D+03
   12   18     0     0  con    0  1.0D+00  1.5D+00  6.211D+01  2.011D+03
   13   20     0     0  con    1  5.9D-02  2.9D+00  8.166D+01  1.973D+03
   14   21     0     0  con    0  1.0D+00  1.0D+01  3.122D+02  1.840D+03
   15   22     0     0  con    0  1.0D+00  7.3D+00  1.301D+02  1.588D+03
   16   24     0     0  con    1  5.0D+00  5.5D+00  1.912D+02  7.546D+02
   17   27     0     0  con    2  3.8D-02  2.2D+00  1.866D+02  5.982D+02
   18   28     0     0  con    0  1.0D+00  1.2D+00  7.145D+01  4.933D+02
   19   29     0     0  con    0  1.0D+00  6.3D+00  1.133D+02  3.910D+02
   20   30     0     0  con    0  1.0D+00  6.0D+00  5.192D+01  2.366D+02
   21   31     0     0  con    0  1.0D+00  6.4D-01  1.622D+01  2.243D+02
   22   32     0     0  con    0  1.0D+00  2.1D+00  8.420D+00  2.092D+02
   23   33     0     0  con    0  1.0D+00  4.6D+00  1.333D+01  1.885D+02
   24   34     0     0  con    0  1.0D+00  4.8D+00  1.579D+01  1.728D+02
   25   35     0     0  con    0  1.0D+00  4.4D+00  3.127D+00  1.659D+02
   26   36     0     0  con    0  1.0D+00  4.3D+00  3.234D+00  1.625D+02
   27   37     0     0  con    0  1.0D+00  4.4D+00  6.017D+00  1.615D+02
   28   38     0     0  con    0  1.0D+00  5.1D-01  1.352D+00  1.611D+02
   29   39     0     0  con    0  1.0D+00  6.1D-01  1.309D+00  1.611D+02
   30   40     0     0  con    0  1.0D+00  4.4D-01  3.494D-01  1.611D+02
   31   41     0     0  con    0  1.0D+00  6.8D-02  2.819D-01  1.611D+02
   32   42     0     0  con    0  1.0D+00  6.8D-02  2.599D-01  1.611D+02
   33   43     0     0  con    0  1.0D+00  8.5D-02  8.897D-01  1.611D+02
   34   44     0     0  con    0  1.0D+00  3.6D-02  2.678D-01  1.611D+02
   35   45     0     0  con    0  1.0D+00  4.2D-02  1.243D-01  1.611D+02
   36   46     0     0  con    0  1.0D+00  1.8D-01  6.665D-01  1.611D+02
   37   47     0     0  con    0  1.0D+00  3.9D-01  1.189D+00  1.611D+02
   38   48     0     0  con    0  1.0D+00  7.6D-01  1.354D+00  1.610D+02
   39   50     0     0  con    1  2.1D-01  3.2D-01  1.867D+00  1.610D+02
   40   51     0     0  con    0  1.0D+00  1.0D+00  9.077D-01  1.610D+02
   41   52     0     0  con    0  1.0D+00  1.1D+00  1.265D-01  1.610D+02
   42   53     0     0  con    0  1.0D+00  8.0D-01  1.482D-01  1.610D+02
   43   55     0     0  con    1  2.1D-01  4.9D-01  6.399D-01  1.610D+02
   44   56     0     0  con    0  1.0D+00  7.1D-01  4.023D-01  1.610D+02
   45   57     0     0  con    0  1.0D+00  1.2D+00  1.086D-01  1.610D+02
   46   58     0     0  con    0  1.0D+00  9.7D-01  4.702D-02  1.610D+02
   47   59     0     0  con    0  1.0D+00  1.1D+00  2.852D-02  1.610D+02
   48   61     0     0  con    1  3.1D-01  6.0D-01  7.033D-02  1.610D+02
   49   62     0     0  con    0  1.0D+00  1.1D+00  2.255D-02  1.610D+02
   50   63     0     0  con    0  1.0D+00  6.3D-01  2.192D-02  1.610D+02
   51   64     0     0  con    0  1.0D+00  3.7D-01  1.416D-02  1.610D+02
   52   65     0     0  con    0  1.0D+00  3.4D-01  1.286D-02  1.610D+02
   53   66     0     0  con    0  1.0D+00  1.1D+00  1.611D-02  1.610D+02
   54   68     0     0  con    1  2.1D-01  2.4D-01  2.249D-02  1.610D+02
   55   69     0     0  con    0  1.0D+00  9.7D-01  7.585D-03  1.610D+02
   56   70     0     0  con    0  1.0D+00  9.9D-01  1.199D-03  1.610D+02
   57   71     0     0  con    0  1.0D+00  8.8D-01  2.687D-03  1.610D+02
   58   72     0     0  con    0  1.0D+00  1.2D+00  1.957D-03  1.610D+02
   59   73     0     0  con    0  1.0D+00  1.2D+00  8.793D-03  1.610D+02
   60   74     0     0  con    0  1.0D+00  4.3D-01  2.041D-03  1.610D+02
   61   75     0     0  con    0  1.0D+00  7.7D-01  1.014D-03  1.610D+02
   62   76     0     0  con    0  1.0D+00  9.3D-01  9.936D-04  1.610D+02
   63   78     0     0  con    1  4.8D-01  7.2D-01  1.515D-03  1.610D+02
   64   79     0     0  con    0  1.0D+00  9.5D-01  3.414D-04  1.610D+02
   65   80     0     0  con    0  1.0D+00  1.0D+00  1.847D-03  1.610D+02
   66   81     0     0  con    0  1.0D+00  1.4D+00  1.652D-03  1.610D+02
   67   82     0     0  con    0  1.0D+00  3.8D-01  3.985D-04  1.610D+02
   68   83     0     0  con    0  1.0D+00  7.4D-01  2.639D-04  1.610D+02
   69   98     0     0  con   14  2.1D-09  1.5D-09  2.639D-04  1.610D+02
   70  120     1     0  ---    1  3.2D-03  1.0D-06  1.118D-04  1.610D+02
   71  139     0     0  con   18  7.9D-10  4.4D-16  1.118D-04  1.610D+02

CONVERGENCE: REL_REDUCTION_OF_F_<=_FACTR*EPSMCH             

 Warning:  more than 10 function and gradient
   evaluations in the last line search.  Termination
   may possibly be caused by a bad search direction.

 Total User time 0.000E+00 seconds.

RUNNING THE L-BFGS-B CODE

it    = iteration number
nf    = number of function evaluations
nseg  = number of segments explored during the Cauchy search
nact  = number of active bounds at the generalized Cauchy point
sub   = manner in which the subspace minimization terminated:
        con = converged, bnd = a bound was reached
itls  = number of iterations performed in the line search
stepl = step length used
tstep = norm of the displacement (total step)
projg = norm of the projected gradient
f     = function value

           * * *

Machine precision = 2.220D-16
 N =            8     M =           10

   it   nf  nseg  nact  sub  itls  stepl    tstep     projg        f
    0    1     -     -   -     -     -        -     2.079D+02  2.380D+03
    1    2     1     0  ---    0  3.8D-03  1.0D+00  1.212D+02  2.161D+03
    2    4     0     0  con    1  4.8D-01  8.5D-01  9.589D+00  2.080D+03
    3    5     0     0  con    0  1.0D+00  6.9D-02  3.469D+00  2.080D+03
    4    6     0     0  con    0  1.0D+00  1.8D-02  1.097D-01  2.080D+03
    5    8     0     0  con    1  5.0D+00  4.3D-03  2.733D-01  2.080D+03
    6    9     0     0  con    0  1.0D+00  1.2D-02  5.464D-01  2.080D+03
    7   10     0     0  con    0  1.0D+00  9.5D-02  1.646D+00  2.080D+03
    8   14     0     0  con    3  1.2D+00  1.1D+00  8.889D+00  2.080D+03
    9   16     0     0  con    1  1.1D-01  5.5D-02  1.033D+01  2.080D+03
   10   18     0     0  con    1  5.0D+00  1.2D+00  3.224D+01  2.079D+03
   11   22     0     0  con    3  9.3D-03  3.4D-01  4.317D+01  2.078D+03
   12   23     0     0  con    0  1.0D+00  1.2D+00  8.476D+01  2.077D+03
   13   27     0     0  con    3  9.0D+00  2.7D+00  6.119D+01  2.058D+03
   14   29     0     0  con    1  2.9D-01  5.4D-01  9.070D+00  2.052D+03
   15   31     0     0  con    1  3.2D-01  1.2D-01  3.378D+00  2.052D+03
   16   32     0     0  con    0  1.0D+00  3.1D-02  3.290D+00  2.052D+03
   17   33     0     0  con    0  1.0D+00  4.0D-01  1.613D+01  2.050D+03
   18   34     0     0  con    0  1.0D+00  5.2D-01  1.873D+01  2.049D+03
   19   35     0     0  con    0  1.0D+00  6.1D-01  9.226D+00  2.047D+03
   20   39     0     0  con    3  4.4D+00  4.9D+00  1.057D+02  2.022D+03
   21   41     0     0  con    1  1.1D-02  3.3D-01  1.126D+02  2.021D+03
   22   45     0     0  con    3  1.1D+01  9.7D+00  1.571D+02  1.788D+03
   23   47     0     0  con    1  1.5D-01  5.8D+00  2.105D+02  1.677D+03
   24   48     0     0  con    0  1.0D+00  1.8D+01  1.863D+02  6.365D+02
   25   52     0     0  con    3  2.5D-02  8.4D+00  5.972D+01  3.094D+02
   26   53     0     0  con    0  1.0D+00  3.5D+00  6.747D+01  2.776D+02
   27   54     0     0  con    0  1.0D+00  2.0D+00  4.542D+01  2.244D+02
   28   55     0     0  con    0  1.0D+00  3.5D+00  1.117D+01  1.840D+02
   29   56     0     0  con    0  1.0D+00  4.3D+00  3.920D+01  1.764D+02
   30   57     0     0  con    0  1.0D+00  6.5D-01  9.810D+00  1.709D+02
   31   58     0     0  con    0  1.0D+00  1.2D+00  5.764D+00  1.694D+02
   32   59     0     0  con    0  1.0D+00  9.7D-01  5.733D+00  1.683D+02
   33   60     0     0  con    0  1.0D+00  3.3D+00  8.334D+00  1.655D+02
   34   61     0     0  con    0  1.0D+00  3.4D+00  8.697D+00  1.629D+02
   35   63     0     0  con    1  4.4D-01  2.5D+00  5.627D+00  1.618D+02
   36   64     0     0  con    0  1.0D+00  5.1D-01  3.261D+00  1.613D+02
   37   65     0     0  con    0  1.0D+00  5.1D-01  2.592D+00  1.612D+02
   38   66     0     0  con    0  1.0D+00  7.1D-02  6.853D-01  1.612D+02
   39   67     0     0  con    0  1.0D+00  8.0D-03  2.233D-01  1.612D+02
   40   68     0     0  con    0  1.0D+00  9.9D-03  2.123D-01  1.612D+02
   41   69     0     0  con    0  1.0D+00  5.4D-02  5.638D-01  1.611D+02
   42   70     0     0  con    0  1.0D+00  5.8D-02  9.211D-01  1.611D+02
   43   71     0     0  con    0  1.0D+00  2.1D-01  1.112D+00  1.611D+02
   44   72     0     0  con    0  1.0D+00  7.1D-01  1.183D+00  1.611D+02
   45   73     0     0  con    0  1.0D+00  1.5D+00  2.476D+00  1.611D+02
   46   74     0     0  con    0  1.0D+00  1.1D+00  6.285D-01  1.610D+02
   47   75     0     0  con    0  1.0D+00  1.2D+00  3.697D-01  1.610D+02
   48   76     0     0  con    0  1.0D+00  7.6D-01  2.910D-01  1.610D+02
   49   78     0     0  con    1  7.3D-02  1.8D-01  6.129D-01  1.610D+02
   50   79     0     0  con    0  1.0D+00  9.8D-01  2.474D-01  1.610D+02
   51   80     0     0  con    0  1.0D+00  1.2D+00  3.806D-02  1.610D+02
   52   81     0     0  con    0  1.0D+00  1.1D+00  3.377D-02  1.610D+02
   53   82     0     0  con    0  1.0D+00  1.2D+00  2.124D-01  1.610D+02
   54   83     0     0  con    0  1.0D+00  4.4D-01  3.348D-02  1.610D+02
   55   84     0     0  con    0  1.0D+00  5.4D-01  6.006D-02  1.610D+02
   56   85     0     0  con    0  1.0D+00  9.1D-01  6.837D-02  1.610D+02
   57   86     0     0  con    0  1.0D+00  1.3D+00  7.117D-02  1.610D+02
   58   87     0     0  con    0  1.0D+00  1.0D+00  4.179D-02  1.610D+02
   59   88     0     0  con    0  1.0D+00  6.8D-01  9.917D-03  1.610D+02
   60   89     0     0  con    0  1.0D+00  6.4D-01  1.455D-02  1.610D+02
   61   91     0     0  con    1  2.3D-01  4.5D-01  2.317D-02  1.610D+02
   62   92     0     0  con    0  1.0D+00  6.3D-01  9.865D-03  1.610D+02
   63   93     0     0  con    0  1.0D+00  6.2D-01  5.301D-03  1.610D+02
   64   94     0     0  con    0  1.0D+00  8.2D-01  7.663D-03  1.610D+02
   65   95     0     0  con    0  1.0D+00  9.9D-01  7.283D-03  1.610D+02
   66   96     0     0  con    0  1.0D+00  1.4D+00  2.130D-02  1.610D+02
   67   97     0     0  con    0  1.0D+00  8.2D-01  1.798D-03  1.610D+02
   68   98     0     0  con    0  1.0D+00  4.0D-01  1.129D-03  1.610D+02
   69   99     0     0  con    0  1.0D+00  8.6D-01  3.619D-03  1.610D+02
   70  100     0     0  con    0  1.0D+00  1.0D+00  3.384D-03  1.610D+02
   71  109     0     0  con    8  1.0D-04  2.1D-04  3.384D-03  1.610D+02
   72  110     0     0  con    0  1.0D+00  1.3D+00  4.905D-04  1.610D+02
   73  111     0     0  con    0  1.0D+00  1.0D+00  5.739D-04  1.610D+02
   74  113     0     0  con    1  4.3D-01  8.2D-01  2.188D-03  1.610D+02
   75  114     0     0  con    0  1.0D+00  6.9D-01  1.088D-03  1.610D+02
   76  115     0     0  con    0  1.0D+00  1.2D+00  9.597D-05  1.610D+02
   77  152     1     0  ---   16  2.2D-12  3.4D-16  9.597D-05  1.610D+02

CONVERGENCE: REL_REDUCTION_OF_F_<=_FACTR*EPSMCH             

 Warning:  more than 10 function and gradient
   evaluations in the last line search.  Termination
   may possibly be caused by a bad search direction.

 Total User time 0.000E+00 seconds.

RUNNING THE L-BFGS-B CODE

it    = iteration number
nf    = number of function evaluations
nseg  = number of segments explored during the Cauchy search
nact  = number of active bounds at the generalized Cauchy point
sub   = manner in which the subspace minimization terminated:
        con = converged, bnd = a bound was reached
itls  = number of iterations performed in the line search
stepl = step length used
tstep = norm of the displacement (total step)
projg = norm of the projected gradient
f     = function value

           * * *

Machine precision = 2.220D-16
 N =            8     M =           10

   it   nf  nseg  nact  sub  itls  stepl    tstep     projg        f
    0    1     -     -   -     -     -        -     5.305D+02  2.393D+03
    1    2     1     0  ---    0  1.7D-03  1.0D+00  7.266D+01  2.084D+03
    2    3     0     0  con    0  1.0D+00  1.5D-01  2.100D+01  2.077D+03
    3    4     0     0  con    0  1.0D+00  6.7D-02  4.149D+00  2.076D+03
    4    5     0     0  con    0  1.0D+00  2.1D-02  3.521D+00  2.076D+03
    5    6     0     0  con    0  1.0D+00  2.2D-01  1.767D+01  2.075D+03
    6    7     0     0  con    0  1.0D+00  5.0D-01  4.184D+01  2.074D+03
    7    9     0     0  con    1  5.0D+00  6.3D-01  3.946D+01  2.066D+03
    8   11     0     0  con    1  1.5D-01  6.7D-01  3.659D+01  2.057D+03
    9   13     0     0  con    1  3.2D-01  1.1D+00  3.641D+01  2.040D+03
   10   15     0     0  con    1  3.9D-01  1.4D-01  5.914D+00  2.038D+03
   11   16     0     0  con    0  1.0D+00  3.1D-01  1.195D+01  2.037D+03
   12   18     0     0  con    1  5.0D+00  9.4D-01  1.560D+01  2.028D+03
   13   20     0     0  con    1  1.7D-01  6.6D-01  2.479D+01  2.023D+03
   14   21     0     0  con    0  1.0D+00  1.7D+00  7.192D+01  2.006D+03
   15   23     0     0  con    1  4.3D-02  1.5D+00  1.410D+02  1.993D+03
   16   24     0     0  con    0  1.0D+00  2.6D+00  2.351D+02  1.966D+03
   17   25     0     0  con    0  1.0D+00  2.6D+00  2.657D+02  1.874D+03
   18   27     0     0  con    1  2.8D-01  8.4D+00  2.038D+02  1.607D+03
   19   30     0     0  con    2  2.9D+00  1.4D+01  1.286D+02  6.668D+02
   20   33     0     0  con    2  9.8D-02  2.6D+00  1.834D+02  5.901D+02
   21   34     0     0  con    0  1.0D+00  1.8D+00  8.481D+01  4.588D+02
   22   35     0     0  con    0  1.0D+00  9.5D-01  8.811D+01  4.196D+02
   23   36     0     0  con    0  1.0D+00  2.7D+00  1.578D+02  3.255D+02
   24   37     0     0  con    0  1.0D+00  6.8D-01  1.368D+02  2.681D+02
   25   39     0     0  con    1  4.8D-01  2.9D+00  3.919D+01  2.054D+02
   26   41     0     0  con    1  5.0D-01  9.3D-01  4.102D+01  1.850D+02
   27   42     0     0  con    0  1.0D+00  7.3D-01  1.468D+01  1.813D+02
   28   43     0     0  con    0  1.0D+00  3.1D-01  4.477D+00  1.793D+02
   29   44     0     0  con    0  1.0D+00  7.6D-01  5.958D+00  1.771D+02
   30   45     0     0  con    0  1.0D+00  2.1D+00  5.620D+00  1.722D+02
   31   46     0     0  con    0  1.0D+00  6.2D+00  2.518D+01  1.681D+02
   32   47     0     0  con    0  1.0D+00  1.3D+00  6.509D+00  1.641D+02
   33   48     0     0  con    0  1.0D+00  1.1D+00  4.847D+00  1.629D+02
   34   49     0     0  con    0  1.0D+00  1.1D+00  3.016D+00  1.623D+02
   35   50     0     0  con    0  1.0D+00  1.4D+00  1.096D+00  1.619D+02
   36   51     0     0  con    0  1.0D+00  7.0D-01  3.882D+00  1.618D+02
   37   52     0     0  con    0  1.0D+00  7.8D-01  2.364D+00  1.617D+02
   38   53     0     0  con    0  1.0D+00  1.5D+00  1.905D+00  1.614D+02
   39   54     0     0  con    0  1.0D+00  1.8D+00  9.971D-01  1.611D+02
   40   55     0     0  con    0  1.0D+00  9.0D-01  5.306D+00  1.611D+02
   41   56     0     0  con    0  1.0D+00  4.3D-01  2.734D-01  1.610D+02
   42   57     0     0  con    0  1.0D+00  1.3D-01  3.782D-01  1.610D+02
   43   58     0     0  con    0  1.0D+00  2.1D-01  3.502D-01  1.610D+02
   44   59     0     0  con    0  1.0D+00  3.3D-01  4.175D-01  1.610D+02
   45   60     0     0  con    0  1.0D+00  7.2D-01  6.127D-01  1.610D+02
   46   61     0     0  con    0  1.0D+00  4.3D-02  2.165D-01  1.610D+02
   47   62     0     0  con    0  1.0D+00  3.7D-01  1.330D-01  1.610D+02
   48   63     0     0  con    0  1.0D+00  7.9D-01  2.610D-01  1.610D+02
   49   64     0     0  con    0  1.0D+00  1.1D+00  1.849D-01  1.610D+02
   50   66     0     0  con    1  2.6D-01  8.4D-01  2.381D-01  1.610D+02
   51   67     0     0  con    0  1.0D+00  9.6D-01  6.927D-02  1.610D+02
   52   68     0     0  con    0  1.0D+00  1.1D+00  1.630D-01  1.610D+02
   53   69     0     0  con    0  1.0D+00  9.8D-01  6.291D-02  1.610D+02
   54   70     0     0  con    0  1.0D+00  1.1D+00  4.374D-02  1.610D+02
   55   71     0     0  con    0  1.0D+00  1.6D+00  5.431D-02  1.610D+02
   56   72     0     0  con    0  1.0D+00  1.1D+00  4.313D-02  1.610D+02
   57   73     0     0  con    0  1.0D+00  6.1D-01  1.381D-02  1.610D+02
   58   74     0     0  con    0  1.0D+00  9.4D-01  5.319D-03  1.610D+02
   59   75     0     0  con    0  1.0D+00  7.8D-01  1.892D-02  1.610D+02
   60   76     0     0  con    0  1.0D+00  1.2D+00  7.336D-03  1.610D+02
   61   77     0     0  con    0  1.0D+00  1.4D+00  3.709D-03  1.610D+02
   62   78     0     0  con    0  1.0D+00  1.3D+00  1.109D-02  1.610D+02
   63   79     0     0  con    0  1.0D+00  7.5D-01  1.784D-03  1.610D+02
   64   80     0     0  con    0  1.0D+00  4.1D-01  1.159D-03  1.610D+02
   65   81     0     0  con    0  1.0D+00  1.5D+00  1.174D-03  1.610D+02
   66   82     0     0  con    0  1.0D+00  1.3D+00  1.620D-03  1.610D+02
   67   83     0     0  con    0  1.0D+00  1.3D+00  2.909D-03  1.610D+02
   68   84     0     0  con    0  1.0D+00  9.4D-01  1.471D-03  1.610D+02
   69   85     0     0  con    0  1.0D+00  5.4D-01  5.649D-04  1.610D+02
   70   86     0     0  con    0  1.0D+00  1.3D+00  4.101D-04  1.610D+02
   71   87     0     0  con    0  1.0D+00  9.9D-01  4.059D-04  1.610D+02
   72   89     0     0  con    1  5.1D-01  9.3D-01  8.267D-04  1.610D+02
   73   90     0     0  con    0  1.0D+00  1.0D+00  1.145D-04  1.610D+02
   74   97     0     0  con    6  4.1D-02  2.9D-02  1.111D-04  1.610D+02
   75  119     1     0  ---    1  4.8D-03  6.5D-07  9.300D-05  1.610D+02
   76  159     1     0  `,’   19  1.4D-08  1.6D-12      -          -

ABNORMAL_TERMINATION_IN_LNSRCH                              

 Line search cannot locate an adequate point after 20 function
  and gradient evaluations.  Previous x, f and g restored.
 Possible causes: 1 error in function or gradient evaluation;
                  2 rounding error dominate computation.

 Total User time 0.000E+00 seconds.

RUNNING THE L-BFGS-B CODE

it    = iteration number
nf    = number of function evaluations
nseg  = number of segments explored during the Cauchy search
nact  = number of active bounds at the generalized Cauchy point
sub   = manner in which the subspace minimization terminated:
        con = converged, bnd = a bound was reached
itls  = number of iterations performed in the line search
stepl = step length used
tstep = norm of the displacement (total step)
projg = norm of the projected gradient
f     = function value

           * * *

Machine precision = 2.220D-16
 N =            8     M =           10

   it   nf  nseg  nact  sub  itls  stepl    tstep     projg        f
    0    1     -     -   -     -     -        -     1.669D+02  2.149D+03
    1    2     1     0  ---    0  5.7D-03  1.0D+00  5.378D+01  2.084D+03
    2    3     0     0  con    0  1.0D+00  2.6D-01  8.700D+00  2.077D+03
    3    4     0     0  con    0  1.0D+00  3.8D-02  1.997D+00  2.077D+03
    4    5     0     0  con    0  1.0D+00  1.7D-02  2.040D+00  2.077D+03
    5    6     0     0  con    0  1.0D+00  1.5D-01  8.791D+00  2.077D+03
    6    8     0     0  con    1  5.0D+00  2.9D+00  5.961D+01  2.062D+03
    7   11     0     0  con    2  1.5D-02  1.4D-01  6.036D+01  2.061D+03
    8   12     0     0  con    0  1.0D+00  2.5D-01  2.796D+01  2.058D+03
    9   13     0     0  con    0  1.0D+00  2.0D-01  3.558D+00  2.058D+03
   10   14     0     0  con    0  1.0D+00  6.9D-02  4.999D+00  2.058D+03
   11   15     0     0  con    0  1.0D+00  4.9D-02  8.645D+00  2.058D+03
   12   16     0     0  con    0  1.0D+00  3.6D-01  2.317D+01  2.056D+03
   13   22     0     0  con    5  2.0D-01  1.2D+00  7.469D+00  2.050D+03
   14   24     0     0  con    1  2.9D-03  3.4D-02  7.580D+00  2.050D+03
   15   25     0     0  con    0  1.0D+00  3.9D-01  1.173D+01  2.047D+03
   16   27     0     0  con    1  2.5D-01  1.1D+00  4.039D+01  2.039D+03
   17   29     0     0  con    1  2.8D-01  1.4D+00  8.417D+01  2.029D+03
   18   30     0     0  con    0  1.0D+00  3.6D+00  1.486D+02  2.003D+03
   19   31     0     0  con    0  1.0D+00  2.8D+00  5.780D+01  1.952D+03
   20   32     0     0  con    0  1.0D+00  3.1D+00  1.921D+01  1.931D+03
   21   33     0     0  con    0  1.0D+00  7.2D+00  2.292D+01  1.901D+03
   22   37     0     0  con    3  3.9D+00  7.2D+01  4.151D+02  1.097D+03
   23   39     0     0  con    1  8.2D-02  4.1D+00  4.054D+02  1.078D+03
   24   40     0     0  con    0  1.0D+00  1.1D+01  2.620D+02  6.244D+02
   25   42     0     0  con    1  2.9D-01  3.3D+00  4.196D+01  4.697D+02
   26   43     0     0  con    0  1.0D+00  1.7D+00  3.307D+01  4.620D+02
   27   44     0     0  con    0  1.0D+00  6.2D-01  7.746D+00  4.598D+02
   28   45     0     0  con    0  1.0D+00  1.1D+00  5.233D+00  4.592D+02
   29   46     0     0  con    0  1.0D+00  9.4D-01  2.539D+00  4.584D+02
   30   47     0     0  con    0  1.0D+00  5.7D-01  1.952D+00  4.581D+02
   31   48     0     0  con    0  1.0D+00  6.5D-01  4.279D+00  4.577D+02
   32   51     0     0  con    2  7.6D-01  2.4D+00  8.282D+00  4.557D+02
   33   52     0     0  con    0  1.0D+00  1.6D+00  5.064D+00  4.549D+02
   34   54     0     0  con    1  4.3D-01  4.9D-01  2.673D+00  4.547D+02
   35   55     0     0  con    0  1.0D+00  5.8D-01  2.467D-01  4.546D+02
   36   56     0     0  con    0  1.0D+00  1.5D-01  2.271D-01  4.546D+02
   37   57     0     0  con    0  1.0D+00  4.3D-02  8.989D-02  4.546D+02
   38   58     0     0  con    0  1.0D+00  1.7D-02  2.784D-02  4.546D+02
   39   59     0     0  con    0  1.0D+00  3.8D-03  2.044D-03  4.546D+02
   40   60     0     0  con    0  1.0D+00  1.5D-04  6.466D-04  4.546D+02
   41   61     0     0  con    0  1.0D+00  8.6D-04  3.790D-03  4.546D+02
   42   62     0     0  con    0  1.0D+00  2.1D-03  8.003D-03  4.546D+02
   43   63     0     0  con    0  1.0D+00  7.5D-03  1.596D-02  4.546D+02
   44   64     0     0  con    0  1.0D+00  2.0D-02  2.803D-02  4.546D+02
   45   65     0     0  con    0  1.0D+00  5.6D-02  4.737D-02  4.546D+02
   46   66     0     0  con    0  1.0D+00  1.4D-01  7.621D-02  4.546D+02
   47   67     0     0  con    0  1.0D+00  3.6D-01  1.161D-01  4.546D+02
   48   68     0     0  con    0  1.0D+00  8.1D-01  1.599D-01  4.546D+02
   49   69     0     0  con    0  1.0D+00  1.6D+00  1.858D-01  4.546D+02
   50   70     0     0  con    0  1.0D+00  2.7D+00  1.513D-01  4.546D+02
   51   71     0     0  con    0  1.0D+00  4.6D+00  1.254D-01  4.546D+02
   52   72     0     0  con    0  1.0D+00  1.5D+00  6.871D-02  4.546D+02
   53   73     0     0  con    0  1.0D+00  6.4D-01  2.467D-02  4.546D+02
   54   74     0     0  con    0  1.0D+00  1.4D+00  7.740D-03  4.546D+02
   55   75     0     0  con    0  1.0D+00  1.2D+00  1.013D-02  4.546D+02
   56   76     0     0  con    0  1.0D+00  3.0D+00  9.769D-03  4.546D+02
   57   77     0     0  con    0  1.0D+00  2.2D+00  2.037D-03  4.546D+02
   58   78     0     0  con    0  1.0D+00  9.8D-01  3.559D-03  4.546D+02
   59   79     0     0  con    0  1.0D+00  2.1D+00  3.203D-03  4.546D+02
   60   80     0     0  con    0  1.0D+00  2.8D+00  3.847D-03  4.546D+02
   61   82     0     0  con    1  3.3D-01  6.9D-01  4.767D-03  4.546D+02
   62   83     0     0  con    0  1.0D+00  1.7D+00  9.260D-04  4.546D+02
   63   84     0     0  con    0  1.0D+00  1.6D+00  1.424D-03  4.546D+02
   64   85     0     0  con    0  1.0D+00  2.2D+00  1.011D-03  4.546D+02
   65   86     0     0  con    0  1.0D+00  4.0D+00  4.319D-03  4.546D+02
   66   87     0     0  con    0  1.0D+00  2.2D+00  8.938D-04  4.546D+02
   67   88     0     0  con    0  1.0D+00  2.2D+00  3.187D-04  4.546D+02
   68   89     0     0  con    0  1.0D+00  2.0D+00  4.396D-04  4.546D+02
   69   90     0     0  con    0  1.0D+00  3.0D+00  5.417D-04  4.546D+02
   70   91     0     0  con    0  1.0D+00  5.9D+00  6.844D-04  4.546D+02
   71   92     0     0  con    0  1.0D+00  2.8D-01  1.327D-04  4.546D+02
   72   93     0     0  con    0  1.0D+00  1.1D+00  1.308D-04  4.546D+02
   73  102     0     0  con    8  1.1D-09  2.9D-09  1.308D-04  4.546D+02
   74  139     1     0  ---   16  7.3D-12  9.8D-16  1.308D-04  4.546D+02

CONVERGENCE: REL_REDUCTION_OF_F_<=_FACTR*EPSMCH             

 Warning:  more than 10 function and gradient
   evaluations in the last line search.  Termination
   may possibly be caused by a bad search direction.

 Total User time 0.000E+00 seconds.

RUNNING THE L-BFGS-B CODE

it    = iteration number
nf    = number of function evaluations
nseg  = number of segments explored during the Cauchy search
nact  = number of active bounds at the generalized Cauchy point
sub   = manner in which the subspace minimization terminated:
        con = converged, bnd = a bound was reached
itls  = number of iterations performed in the line search
stepl = step length used
tstep = norm of the displacement (total step)
projg = norm of the projected gradient
f     = function value

           * * *

Machine precision = 2.220D-16
 N =            8     M =           10

   it   nf  nseg  nact  sub  itls  stepl    tstep     projg        f
    0    1     -     -   -     -     -        -     5.356D+02  2.284D+03
    1    2     1     0  ---    0  1.9D-03  1.0D+00  6.476D+01  2.085D+03
    2    3     0     0  con    0  1.0D+00  1.1D-01  2.024D+01  2.080D+03
    3    4     0     0  con    0  1.0D+00  4.9D-02  1.318D+00  2.080D+03
    4    5     0     0  con    0  1.0D+00  3.1D-03  2.394D-01  2.080D+03
    5    7     0     0  con    1  5.0D+00  4.6D-03  4.029D-01  2.080D+03
    6    8     0     0  con    0  1.0D+00  4.5D-02  2.152D+00  2.080D+03
    7    9     0     0  con    0  1.0D+00  1.4D-01  5.426D+00  2.080D+03
    8   10     0     0  con    0  1.0D+00  5.3D-01  1.587D+01  2.080D+03
    9   11     0     0  con    0  1.0D+00  6.0D-01  2.840D+01  2.080D+03
   10   12     0     0  con    0  1.0D+00  3.9D-01  3.387D+01  2.079D+03
   11   15     0     0  con    2  5.9D-02  8.9D-01  5.441D+01  2.079D+03
   12   16     0     0  con    0  1.0D+00  9.0D-02  3.974D+01  2.076D+03
   13   18     0     0  con    1  3.7D-01  5.9D-01  3.638D+01  2.071D+03
   14   21     0     0  con    2  2.0D-01  1.1D+00  5.346D+01  2.066D+03
   15   22     0     0  con    0  1.0D+00  9.0D-01  4.412D+01  2.047D+03
   16   24     0     0  con    1  5.2D-01  4.6D-01  1.319D+01  2.038D+03
   17   26     0     0  con    1  2.7D-01  3.4D-01  1.963D+01  2.037D+03
   18   29     0     0  con    2  2.1D+01  7.1D+00  1.763D+02  1.917D+03
   19   30     0     0  con    0  1.0D+00  4.7D+00  2.122D+02  1.821D+03
   20   32     0     0  con    1  2.3D-01  5.0D+00  1.498D+02  1.665D+03
   21   33     0     0  con    0  1.0D+00  5.3D+00  1.436D+02  1.506D+03
   22   34     0     0  con    0  1.0D+00  3.0D+01  2.755D+02  4.097D+02
   23   35     0     0  con    0  1.0D+00  3.1D+00  1.023D+02  2.548D+02
   24   37     0     0  con    1  2.5D-01  4.7D+00  3.796D+01  1.742D+02
   25   38     0     0  con    0  1.0D+00  3.3D-01  1.404D+01  1.712D+02
   26   39     0     0  con    0  1.0D+00  2.6D-01  8.114D+00  1.691D+02
   27   40     0     0  con    0  1.0D+00  9.0D-01  6.314D+00  1.666D+02
   28   41     0     0  con    0  1.0D+00  5.8D-01  8.009D+00  1.652D+02
   29   42     0     0  con    0  1.0D+00  9.6D-01  7.381D+00  1.625D+02
   30   47     0     0  con    4  8.5D-01  1.1D+01  2.291D+02 -2.364D+01
   31   49     0     0  con    1  1.5D-03  7.0D-02  2.290D+02 -2.381D+01
   32   50     0     0  con    0  1.0D+00  1.5D+00  1.980D+02 -5.959D+01
   33   51     0     0  con    0  1.0D+00  1.2D+01  1.292D+02 -2.182D+02
   34   52     0     0  con    0  1.0D+00  2.1D+00  4.500D+01 -2.591D+02
   35   53     0     0  con    0  1.0D+00  3.6D+00  7.278D+01 -2.698D+02
   36   54     0     0  con    0  1.0D+00  3.5D-01  4.587D+01 -2.766D+02
   37   55     0     0  con    0  1.0D+00  1.4D+00  9.030D+00 -2.899D+02
   38   56     0     0  con    0  1.0D+00  4.7D+00  3.198D+01 -3.161D+02
   39   61     0     0  con    4  2.1D-01  7.5D+00  2.551D+01 -3.602D+02
   40   64     0     0  con    2  1.1D-02  1.7D+00  2.482D+01 -3.653D+02
   41   66     0     0  con    1  2.9D-01  3.5D+00  5.300D+01 -3.730D+02
   42   67     0     0  con    0  1.0D+00  2.0D+00  1.905D+01 -3.839D+02
   43   68     0     0  con    0  1.0D+00  1.4D+00  2.953D+01 -3.920D+02
   44   69     0     0  con    0  1.0D+00  9.9D-01  3.019D+01 -3.949D+02
   45   71     0     0  con    1  1.6D-01  7.1D-01  2.701D+01 -3.983D+02
   46   72     0     0  con    0  1.0D+00  1.4D+00  1.907D+01 -4.033D+02
   47   73     0     0  con    0  1.0D+00  1.3D+00  9.557D+00 -4.083D+02
   48   74     0     0  con    0  1.0D+00  2.4D+00  3.641D+01 -4.151D+02
   49   75     0     0  con    0  1.0D+00  2.8D+00  3.043D+01 -4.214D+02
   50   77     0     0  con    1  1.4D-01  4.4D-01  3.639D+01 -4.223D+02
   51   78     0     0  con    0  1.0D+00  2.1D+00  4.756D+00 -4.258D+02
   52   79     0     0  con    0  1.0D+00  9.5D-01  1.802D+00 -4.264D+02
   53   80     0     0  con    0  1.0D+00  7.8D-01  2.556D+00 -4.266D+02
   54   82     0     0  con    1  1.2D-01  2.1D-01  7.393D-01 -4.266D+02
   55   83     0     0  con    0  1.0D+00  5.4D-01  2.258D-01 -4.267D+02
   56   85     0     0  con    1  2.1D-01  2.4D-01  1.107D+00 -4.267D+02
   57   86     0     0  con    0  1.0D+00  5.0D-01  4.544D-01 -4.268D+02
   58   87     0     0  con    0  1.0D+00  5.9D-01  1.525D-01 -4.268D+02
   59   88     0     0  con    0  1.0D+00  6.8D-01  6.182D-01 -4.268D+02
   60   89     0     0  con    0  1.0D+00  8.3D-01  1.496D-01 -4.268D+02
   61   90     0     0  con    0  1.0D+00  5.7D-01  9.337D-02 -4.268D+02
   62   92     0     0  con    1  2.9D-01  3.7D-01  2.965D-01 -4.268D+02
   63   93     0     0  con    0  1.0D+00  6.1D-01  6.906D-02 -4.268D+02
   64   94     0     0  con    0  1.0D+00  3.9D-01  5.503D-02 -4.268D+02
   65   95     0     0  con    0  1.0D+00  3.6D-01  7.683D-02 -4.268D+02
   66   96     0     0  con    0  1.0D+00  2.5D-01  4.894D-02 -4.268D+02
   67   97     0     0  con    0  1.0D+00  9.1D-01  4.829D-02 -4.268D+02
   68   98     0     0  con    0  1.0D+00  9.0D-01  1.583D-01 -4.268D+02
   69   99     0     0  con    0  1.0D+00  9.0D-02  1.399D-02 -4.268D+02
   70  100     0     0  con    0  1.0D+00  2.3D-01  5.738D-03 -4.268D+02
   71  101     0     0  con    0  1.0D+00  4.9D-01  1.645D-02 -4.268D+02
   72  102     0     0  con    0  1.0D+00  5.3D-01  2.428D-02 -4.268D+02
   73  104     0     0  con    1  2.8D-01  2.5D-01  1.126D-02 -4.268D+02
   74  105     0     0  con    0  1.0D+00  2.9D-01  1.966D-03 -4.268D+02
   75  106     0     0  con    0  1.0D+00  2.2D-01  2.903D-03 -4.268D+02
   76  107     0     0  con    0  1.0D+00  2.4D-01  4.059D-03 -4.268D+02
   77  108     0     0  con    0  1.0D+00  3.4D-01  8.102D-03 -4.268D+02
   78  109     0     0  con    0  1.0D+00  5.8D-02  8.925D-04 -4.268D+02
   79  110     0     0  con    0  1.0D+00  2.0D-02  8.006D-04 -4.268D+02
   80  111     0     0  con    0  1.0D+00  4.2D-02  8.654D-04 -4.268D+02
   81  115     0     0  con    3  5.1D-01  6.9D-03  5.945D-04 -4.268D+02
   82  131     0     0  con   15  9.9D-12  1.1D-13  5.945D-04 -4.268D+02

CONVERGENCE: REL_REDUCTION_OF_F_<=_FACTR*EPSMCH             

 Warning:  more than 10 function and gradient
   evaluations in the last line search.  Termination
   may possibly be caused by a bad search direction.

 Total User time 0.000E+00 seconds.

RUNNING THE L-BFGS-B CODE

it    = iteration number
nf    = number of function evaluations
nseg  = number of segments explored during the Cauchy search
nact  = number of active bounds at the generalized Cauchy point
sub   = manner in which the subspace minimization terminated:
        con = converged, bnd = a bound was reached
itls  = number of iterations performed in the line search
stepl = step length used
tstep = norm of the displacement (total step)
projg = norm of the projected gradient
f     = function value

           * * *

Machine precision = 2.220D-16
 N =            8     M =           10

   it   nf  nseg  nact  sub  itls  stepl    tstep     projg        f
    0    1     -     -   -     -     -        -     2.473D+02  2.152D+03
    1    2     1     0  ---    0  3.9D-03  1.0D+00  1.242D+02  2.104D+03
    2    3     0     0  con    0  1.0D+00  3.3D-01  2.361D+01  2.080D+03
    3    4     0     0  con    0  1.0D+00  7.8D-02  2.928D+00  2.079D+03
    4    5     0     0  con    0  1.0D+00  9.0D-03  7.613D-01  2.079D+03
    5    6     0     0  con    0  1.0D+00  5.2D-03  7.643D-01  2.079D+03
    6    7     0     0  con    0  1.0D+00  7.9D-02  4.600D+00  2.079D+03
    7    8     0     0  con    0  1.0D+00  2.0D-01  1.043D+01  2.078D+03
    8   15     0     0  con    6  3.3D+01  3.4D+01  3.662D+02  1.114D+03
    9   17     0     0  con    1  5.8D-02  2.5D+00  3.718D+02  1.113D+03
   10   19     0     0  con    1  5.0D+00  4.0D+00  3.355D+02  9.374D+02
   11   20     0     0  con    0  1.0D+00  3.4D+01  1.963D+02  7.056D+02
   12   21     0     0  con    0  1.0D+00  6.4D+00  1.723D+02  5.575D+02
   13   22     0     0  con    0  1.0D+00  2.8D+00  1.086D+02  5.310D+02
   14   23     0     0  con    0  1.0D+00  6.1D-01  5.105D+01  5.167D+02
   15   24     0     0  con    0  1.0D+00  2.2D+00  3.954D+01  5.085D+02
   16   25     0     0  con    0  1.0D+00  6.9D-01  2.023D+01  4.898D+02
   17   26     0     0  con    0  1.0D+00  1.6D+00  1.572D+01  4.779D+02
   18   27     0     0  con    0  1.0D+00  1.6D+00  4.291D+00  4.729D+02
   19   28     0     0  con    0  1.0D+00  6.2D+00  6.287D+00  4.691D+02
   20   29     0     0  con    0  1.0D+00  1.0D+01  4.260D+00  4.655D+02
   21   30     0     0  con    0  1.0D+00  8.7D+00  5.463D+00  4.640D+02
   22   31     0     0  con    0  1.0D+00  4.5D+00  4.663D+00  4.636D+02
   23   32     0     0  con    0  1.0D+00  3.8D+00  2.046D+00  4.634D+02
   24   33     0     0  con    0  1.0D+00  4.8D+00  3.183D-01  4.633D+02
   25   34     0     0  con    0  1.0D+00  4.4D+00  2.506D-01  4.632D+02
   26   35     0     0  con    0  1.0D+00  5.3D+00  3.420D+00  4.632D+02
   27   36     0     0  con    0  1.0D+00  2.1D+00  8.105D-01  4.632D+02
   28   37     0     0  con    0  1.0D+00  3.3D+00  2.551D-01  4.632D+02
   29   38     0     0  con    0  1.0D+00  3.5D+00  4.197D-01  4.632D+02
   30   39     0     0  con    0  1.0D+00  4.6D+00  2.167D-01  4.632D+02
   31   40     0     0  con    0  1.0D+00  3.0D+00  5.758D-02  4.632D+02
   32   41     0     0  con    0  1.0D+00  4.2D+00  6.260D-02  4.632D+02
   33   42     0     0  con    0  1.0D+00  3.8D+00  5.786D-02  4.632D+02
   34   44     0     0  con    1  1.9D-01  2.0D+00  6.631D-02  4.632D+02
   35   45     0     0  con    0  1.0D+00  3.7D+00  1.938D-02  4.632D+02
   36   46     0     0  con    0  1.0D+00  4.4D+00  1.032D-02  4.632D+02
   37   47     0     0  con    0  1.0D+00  4.2D+00  3.388D-02  4.632D+02
   38   48     0     0  con    0  1.0D+00  5.1D+00  9.593D-02  4.632D+02
   39   49     0     0  con    0  1.0D+00  1.5D+00  3.281D-02  4.632D+02
   40   50     0     0  con    0  1.0D+00  2.9D+00  7.018D-03  4.632D+02
   41   51     0     0  con    0  1.0D+00  3.7D+00  1.441D-02  4.632D+02
   42   52     0     0  con    0  1.0D+00  4.1D+00  4.177D-03  4.632D+02
   43   53     0     0  con    0  1.0D+00  3.6D+00  4.633D-03  4.632D+02
   44   54     0     0  con    0  1.0D+00  3.9D+00  4.315D-03  4.632D+02
   45   55     0     0  con    0  1.0D+00  4.5D+00  1.945D-03  4.632D+02
   46   56     0     0  con    0  1.0D+00  4.5D+00  1.374D-03  4.632D+02
   47   57     0     0  con    0  1.0D+00  2.8D+00  1.439D-03  4.632D+02
   48   58     0     0  con    0  1.0D+00  4.6D+00  2.793D-04  4.632D+02
   49   59     0     0  con    0  1.0D+00  4.1D+00  1.803D-04  4.632D+02
   50   60     0     0  con    0  1.0D+00  5.3D+00  3.284D-03  4.632D+02
   51   61     0     0  con    0  1.0D+00  1.8D+00  5.912D-04  4.632D+02
   52   62     0     0  con    0  1.0D+00  2.9D+00  1.476D-04  4.632D+02
   53   63     0     0  con    0  1.0D+00  3.8D+00  2.754D-04  4.632D+02
   54   64     0     0  con    0  1.0D+00  4.6D+00  1.361D-04  4.632D+02
   55   65     0     0  con    0  1.0D+00  2.9D+00  4.865D-05  4.632D+02
   56   66     0     0  con    0  1.0D+00  4.1D+00  6.530D-05  4.632D+02
   57   67     0     0  con    0  1.0D+00  4.0D+00  3.098D-05  4.632D+02
   58   68     0     0  con    0  1.0D+00  5.1D+00  1.165D-04  4.632D+02
   59   73     0     0  con    4  2.2D-02  5.2D-02  1.150D-04  4.632D+02
   60   75     0     0  con    1  2.0D-01  1.1D+00  9.372D-05  4.632D+02
   61   77     0     0  con    1  2.2D-01  1.2D+00  7.410D-05  4.632D+02
   62  117     1     0  ,’   19  1.2D-12  1.0D-16      -          -

ABNORMAL_TERMINATION_IN_LNSRCH                              

 Line search cannot locate an adequate point after 20 function
  and gradient evaluations.  Previous x, f and g restored.
 Possible causes: 1 error in function or gradient evaluation;
                  2 rounding error dominate computation.

 Total User time 0.000E+00 seconds.

RUNNING THE L-BFGS-B CODE

it    = iteration number
nf    = number of function evaluations
nseg  = number of segments explored during the Cauchy search
nact  = number of active bounds at the generalized Cauchy point
sub   = manner in which the subspace minimization terminated:
        con = converged, bnd = a bound was reached
itls  = number of iterations performed in the line search
stepl = step length used
tstep = norm of the displacement (total step)
projg = norm of the projected gradient
f     = function value

           * * *

Machine precision = 2.220D-16
 N =            8     M =           10

   it   nf  nseg  nact  sub  itls  stepl    tstep     projg        f
    0    1     -     -   -     -     -        -     3.259D+03  6.866D+03
    1    2     1     0  ---    0  2.3D-04  1.0D+00  1.535D+03  3.878D+03
    2    3     0     0  con    0  1.0D+00  8.3D-01  7.803D+02  2.727D+03
    3    4     0     0  con    0  1.0D+00  7.8D-01  3.458D+02  2.234D+03
    4    5     0     0  con    0  1.0D+00  5.9D-01  1.053D+02  2.096D+03
    5    6     0     0  con    0  1.0D+00  2.6D-01  1.437D+01  2.080D+03
    6    7     0     0  con    0  1.0D+00  4.1D-02  6.470D-01  2.080D+03
    7    8     0     0  con    0  1.0D+00  1.9D-03  8.930D-02  2.080D+03
    8   10     0     0  con    1  5.0D+00  1.6D-03  1.127D-01  2.080D+03
    9   11     0     0  con    0  1.0D+00  1.4D-02  5.737D-01  2.080D+03
   10   12     0     0  con    0  1.0D+00  4.1D-02  1.317D+00  2.080D+03
   11   13     0     0  con    0  1.0D+00  1.0D-01  2.615D+00  2.080D+03
   12   14     0     0  con    0  1.0D+00  1.2D-01  3.630D+00  2.080D+03
   13   15     0     0  con    0  1.0D+00  2.1D-01  4.914D+00  2.080D+03
   14   16     0     0  con    0  1.0D+00  2.0D-01  4.806D+00  2.080D+03
   15   17     0     0  con    0  1.0D+00  6.4D-01  6.657D+00  2.080D+03
   16   21     0     0  con    3  5.6D-02  3.4D-01  9.444D+00  2.080D+03
   17   24     0     0  con    2  1.9D-01  7.8D-01  1.788D+01  2.079D+03
   18   27     0     0  con    2  2.4D+00  1.7D+00  5.588D+01  2.076D+03
   19   31     0     0  con    3  9.5D-03  5.5D-01  7.595D+01  2.075D+03
   20   32     0     0  con    0  1.0D+00  1.2D+00  1.061D+02  2.069D+03
   21   34     0     0  con    1  2.9D-01  7.6D-01  1.041D+02  2.063D+03
   22   35     0     0  con    0  1.0D+00  5.8D-01  1.588D+01  2.047D+03
   23   36     0     0  con    0  1.0D+00  1.9D-01  9.092D+00  2.047D+03
   24   37     0     0  con    0  1.0D+00  9.0D-02  6.875D+00  2.046D+03
   25   38     0     0  con    0  1.0D+00  1.3D+00  2.162D+01  2.038D+03
   26   43     0     0  con    4  3.0D+01  1.3D+01  3.280D+02  1.725D+03
   27   46     0     0  con    2  3.8D-02  7.9D+00  2.997D+02  1.648D+03
   28   47     0     0  con    0  1.0D+00  2.8D+00  2.711D+02  1.525D+03
   29   48     0     0  con    0  1.0D+00  1.1D+00  1.825D+02  1.370D+03
   30   51     0     0  con    2  2.7D+00  5.8D+00  3.270D+02  7.312D+02
   31   53     0     0  con    1  1.0D-01  2.0D+00  3.337D+02  4.886D+02
   32   55     0     0  con    1  2.7D-01  4.0D+00  2.582D+02  3.436D+02
   33   56     0     0  con    0  1.0D+00  1.9D+00  2.403D+02  9.623D+01
   34   58     0     0  con    1  2.8D-01  3.9D+00  6.704D+01 -3.077D+02
   35   59     0     0  con    0  1.0D+00  9.7D-01  2.725D+01 -3.277D+02
   36   60     0     0  con    0  1.0D+00  1.0D+00  2.235D+01 -3.378D+02
   37   61     0     0  con    0  1.0D+00  1.2D+00  3.633D+01 -3.560D+02
   38   62     0     0  con    0  1.0D+00  2.4D+00  3.175D+01 -3.872D+02
   39   63     0     0  con    0  1.0D+00  4.6D+00  6.047D+01 -4.072D+02
   40   64     0     0  con    0  1.0D+00  2.3D+00  9.134D+00 -4.193D+02
   41   65     0     0  con    0  1.0D+00  1.2D+00  6.845D+00 -4.224D+02
   42   66     0     0  con    0  1.0D+00  2.7D+00  2.914D+00 -4.257D+02
   43   67     0     0  con    0  1.0D+00  1.5D+00  1.526D+00 -4.264D+02
   44   68     0     0  con    0  1.0D+00  1.3D+00  1.416D+00 -4.267D+02
   45   69     0     0  con    0  1.0D+00  7.5D-01  1.769D+00 -4.267D+02
   46   70     0     0  con    0  1.0D+00  1.8D-01  9.878D-01 -4.267D+02
   47   71     0     0  con    0  1.0D+00  7.0D-02  1.907D-01 -4.267D+02
   48   72     0     0  con    0  1.0D+00  5.2D-03  1.517D-01 -4.267D+02
   49   73     0     0  con    0  1.0D+00  4.7D-02  3.096D-01 -4.268D+02
   50   74     0     0  con    0  1.0D+00  5.8D-02  6.215D-01 -4.268D+02
   51   75     0     0  con    0  1.0D+00  1.0D-01  7.662D-01 -4.268D+02
   52   76     0     0  con    0  1.0D+00  1.1D-01  6.397D-01 -4.268D+02
   53   77     0     0  con    0  1.0D+00  4.8D-01  2.530D-01 -4.268D+02
   54   78     0     0  con    0  1.0D+00  4.4D-01  2.135D-01 -4.268D+02
   55   79     0     0  con    0  1.0D+00  5.1D-01  1.824D-01 -4.268D+02
   56   80     0     0  con    0  1.0D+00  3.7D-01  1.766D-01 -4.268D+02
   57   81     0     0  con    0  1.0D+00  2.1D-01  9.419D-02 -4.268D+02
   58   82     0     0  con    0  1.0D+00  4.6D-01  2.014D-02 -4.268D+02
   59   83     0     0  con    0  1.0D+00  2.9D-01  1.529D-02 -4.268D+02
   60   85     0     0  con    1  2.6D-01  1.1D-01  5.194D-02 -4.268D+02
   61   86     0     0  con    0  1.0D+00  2.2D-01  1.787D-02 -4.268D+02
   62   87     0     0  con    0  1.0D+00  2.0D-01  2.245D-02 -4.268D+02
   63   89     0     0  con    1  3.7D-01  1.3D-01  3.294D-02 -4.268D+02
   64   90     0     0  con    0  1.0D+00  9.1D-02  1.499D-02 -4.268D+02
   65   91     0     0  con    0  1.0D+00  9.0D-02  4.389D-03 -4.268D+02
   66   92     0     0  con    0  1.0D+00  2.0D-02  3.447D-03 -4.268D+02
   67   93     0     0  con    0  1.0D+00  4.9D-03  3.457D-03 -4.268D+02
   68   95     0     0  con    1  2.4D-01  2.9D-02  1.561D-02 -4.268D+02
   69   96     0     0  con    0  1.0D+00  6.5D-02  1.384D-02 -4.268D+02
   70   97     0     0  con    0  1.0D+00  1.3D-01  1.028D-02 -4.268D+02
   71   98     0     0  con    0  1.0D+00  2.7D-01  1.844D-02 -4.268D+02
   72   99     0     0  con    0  1.0D+00  4.9D-01  7.684D-02 -4.268D+02
   73  100     0     0  con    0  1.0D+00  6.4D-02  6.463D-02 -4.268D+02
   74  102     0     0  con    1  5.0D-01  6.8D-01  3.528D-01 -4.268D+02
   75  105     0     0  con    2  7.6D-01  1.2D+00  4.888D-01 -4.268D+02
   76  108     0     0  con    2  4.4D-02  3.6D-01  5.188D-01 -4.268D+02
   77  110     0     0  con    1  4.5D-01  6.5D-01  5.294D-01 -4.268D+02
   78  112     0     0  con    1  1.8D-01  4.1D-01  5.959D-01 -4.268D+02
   79  114     0     0  con    1  4.6D-01  4.6D-01  4.598D-01 -4.268D+02
   80  115     0     0  con    0  1.0D+00  5.7D-01  2.409D+00 -4.268D+02
   81  116     0     0  con    0  1.0D+00  8.7D-02  8.259D-01 -4.268D+02
   82  117     0     0  con    0  1.0D+00  2.6D-01  6.426D-01 -4.268D+02
   83  119     0     0  con    1  4.6D-01  3.9D-01  1.038D+00 -4.268D+02
   84  120     0     0  con    0  1.0D+00  9.6D-01  1.844D+00 -4.269D+02
   85  121     0     0  con    0  1.0D+00  3.2D-01  5.652D-01 -4.269D+02
   86  122     0     0  con    0  1.0D+00  2.2D-01  7.755D-01 -4.269D+02
   87  123     0     0  con    0  1.0D+00  5.8D-01  5.600D-01 -4.269D+02
   88  124     0     0  con    0  1.0D+00  3.3D-01  9.195D-01 -4.269D+02
   89  125     0     0  con    0  1.0D+00  2.9D-01  2.446D-01 -4.269D+02
   90  126     0     0  con    0  1.0D+00  3.2D-01  6.922D-02 -4.269D+02
   91  127     0     0  con    0  1.0D+00  2.9D-01  1.602D-01 -4.269D+02
   92  128     0     0  con    0  1.0D+00  3.8D-01  9.278D-02 -4.269D+02
   93  129     0     0  con    0  1.0D+00  8.5D-01  8.264D-01 -4.269D+02
   94  130     0     0  con    0  1.0D+00  2.8D-01  2.172D-01 -4.269D+02
   95  131     0     0  con    0  1.0D+00  4.5D-01  5.467D-02 -4.269D+02
   96  132     0     0  con    0  1.0D+00  4.6D-01  1.102D-01 -4.269D+02
   97  133     0     0  con    0  1.0D+00  5.5D-01  5.477D-02 -4.269D+02
   98  134     0     0  con    0  1.0D+00  6.1D-01  1.086D-01 -4.269D+02
   99  135     0     0  con    0  1.0D+00  3.3D-02  3.435D-02 -4.269D+02
  100  136     0     0  con    0  1.0D+00  2.7D-01  2.552D-02 -4.269D+02
  101  137     0     0  con    0  1.0D+00  3.8D-01  2.868D-02 -4.269D+02
  102  139     0     0  con    1  3.2D-01  1.9D-01  5.117D-02 -4.269D+02
  103  140     0     0  con    0  1.0D+00  4.1D-01  1.600D-02 -4.269D+02
  104  141     0     0  con    0  1.0D+00  2.7D-01  5.763D-03 -4.269D+02
  105  142     0     0  con    0  1.0D+00  2.4D-01  4.994D-03 -4.269D+02
  106  143     0     0  con    0  1.0D+00  3.6D-01  1.612D-02 -4.269D+02
  107  144     0     0  con    0  1.0D+00  5.1D-01  2.782D-02 -4.269D+02
  108  145     0     0  con    0  1.0D+00  1.9D-02  6.211D-03 -4.269D+02
  109  146     0     0  con    0  1.0D+00  1.3D-02  7.838D-03 -4.269D+02
  110  147     0     0  con    0  1.0D+00  5.7D-02  7.883D-03 -4.269D+02
  111  148     0     0  con    0  1.0D+00  2.6D-01  6.786D-03 -4.269D+02
  112  150     0     0  con    1  1.3D-01  2.0D-01  1.337D-02 -4.269D+02
  113  151     0     0  con    0  1.0D+00  4.1D-01  6.990D-03 -4.269D+02
  114  152     0     0  con    0  1.0D+00  4.6D-01  2.541D-03 -4.269D+02
  115  153     0     0  con    0  1.0D+00  4.1D-01  3.208D-03 -4.269D+02
  116  154     0     0  con    0  1.0D+00  3.1D-01  1.993D-03 -4.269D+02
  117  155     0     0  con    0  1.0D+00  6.2D-01  3.380D-03 -4.269D+02
  118  156     0     0  con    0  1.0D+00  7.5D-01  1.608D-03 -4.269D+02
  119  175     0     0  con   18  1.2D-06  8.5D-07  1.608D-03 -4.269D+02
  120  177     0     0  con    1  2.2D-01  3.6D-01  7.622D-04 -4.269D+02
  121  196     0     0  con   18  2.0D-07  8.7D-08  7.622D-04 -4.269D+02
  122  236     1     0  ,’   19  3.8D-17  4.7D-20      -          -

ABNORMAL_TERMINATION_IN_LNSRCH                              

 Line search cannot locate an adequate point after 20 function
  and gradient evaluations.  Previous x, f and g restored.
 Possible causes: 1 error in function or gradient evaluation;
                  2 rounding error dominate computation.

 Total User time 0.000E+00 seconds.

RUNNING THE L-BFGS-B CODE

it    = iteration number
nf    = number of function evaluations
nseg  = number of segments explored during the Cauchy search
nact  = number of active bounds at the generalized Cauchy point
sub   = manner in which the subspace minimization terminated:
        con = converged, bnd = a bound was reached
itls  = number of iterations performed in the line search
stepl = step length used
tstep = norm of the displacement (total step)
projg = norm of the projected gradient
f     = function value

           * * *

Machine precision = 2.220D-16
 N =  